967.0999755859375    298.9993652857065    15.289569114384822
125.0    299.11416768654345    14.844161140481779    -11.702    0.0
375.0    299.84432608618704    14.335265549169192    -10.948    0.0
625.0    300.44775425212845    13.906866290477511    -10.193    0.0
875.0    301.43399927475315    13.569943138364481    -9.4375    0.0
1125.0    302.5733205809708    12.956994449444172    -8.6825    0.0
1375.0    303.74879400400545    12.08639495340403    -7.9275    0.0
1625.0    304.9187316265545    11.330868211451062    -7.1725    0.0
1875.0    306.3500682995423    10.979041927144523    -6.4175    0.0
2125.0    307.8123774336574    10.570363788015424    -5.6625    0.0
2375.0    309.1660042060592    9.907204792025494    -4.9075    0.0
2625.0    310.33226081428796    8.76271472317105    -4.1525    0.0
2875.0    311.6882499973443    7.326892007765634    -3.3975    0.0
3125.0    313.0500754489315    5.970016881560572    -2.6425    0.0
3375.0    314.2047686135218    4.870543031993031    -1.8875    0.0
3625.0    314.8552456903574    4.139845656559457    -1.1325    0.0
3875.0    315.19599801974175    3.610047038498939    -0.3775    0.0
4125.0    315.3620831945618    3.3006917697506464    0.0    0.0
4375.0    315.54430347216095    3.1062735064302514    0.0    0.0
4625.0    315.6705596337157    2.9721363793970186    0.0    0.0
4875.0    316.0435875528755    2.7166382493053782    0.0    0.0
5125.0    316.50581766585094    2.3861415498254095    0.0    0.0
5375.0    317.11065036746015    1.9789722804913856    0.0    0.0
5625.0    318.25597976777703    1.414515487999129    0.0    0.0
5875.0    319.2075109747522    0.9900527636805779    0.0    0.0
6125.0    320.229415573915    0.8778570587339877    0.0    0.0
6375.0    320.91010323977883    0.8843879828056308    0.0    0.0
6625.0    321.8783590291602    0.9736522225766068    0.0    0.0
6875.0    323.11210423327293    0.898474717148677    0.0    0.0
7125.0    324.349397190532    0.8884133804433396    0.0    0.0
7375.0    325.6142144916961    0.8265741352128078    0.0    0.0
7625.0    326.7307966826098    0.725537842308704    0.0    0.0
7875.0    327.7427395091388    0.6095879552065145    0.0    0.0
8125.0    328.75826339513293    0.4833938115657327    0.0    0.0
8375.0    329.7113374274763    0.3410528757553812    0.0    0.0
8625.0    330.7831776958576    0.2195855190444525    0.0    0.0
8875.0    331.69876815545416    0.13937637518003795    0.0    0.0
9125.0    332.71043932560184    0.10450834444199547    0.0    0.0
9375.0    333.5663349050955    0.09259448237671887    0.0    0.0
9625.0    334.4583622174479    0.09370254937140504    0.0    0.0
9875.0    335.1878400909443    0.09825951714518946    0.0    0.0
10125.0    335.64396918331073    0.09516226774427636    0.0    0.0
10375.0    336.02945850358174    0.08144901074606421    0.0    0.0
10625.0    336.5094679759898    0.06201716371959855    0.0    0.0
10875.0    336.91747083904374    0.04952322608436661    0.0    0.0
11125.0    337.42057519537826    0.04168723564159329    0.0    0.0
11375.0    338.19191376107744    0.036342935213406286    0.0    0.0
11625.0    339.4392790220471    0.030707089359838093    0.0    0.0
11875.0    340.8507426432109    0.02166659798436051    0.0    0.0
12125.0    343.033702447151    0.013974014469813802    0.0    0.0
12375.0    345.6262556401121    0.008275841095633556    0.0    0.0
12625.0    350.0410742172237    0.0063761485430923115    0.0    0.0
12875.0    353.38562856361    0.0046394687267910534    0.0    0.0
13125.0    357.22736256661517    0.003852208990409598    0.0    0.0
13375.0    360.1940095748943    0.0029747965981738902    0.0    0.0
13625.0    365.22231123564916    0.0035485490043357473    0.0    0.0
13875.0    370.3525051481151    0.003237928730859647    0.0    0.0
14125.0    375.6534429193206    0.002694055599291346    0.0    0.0
14375.0    381.98853902047864    0.002042313906085787    0.0    0.0
14625.0    389.187807057974    0.0016608701990343752    0.0    0.0
14875.0    395.79619484112857    0.0015549809132901272    0.0    0.0
15125.0    399.15870326646603    0.0011364052208390986    0.0    0.0
15375.0    400.79631201936166    0.000959697262242793    0.0    0.0
15625.0    403.3653691386896    0.0008552697138491017    0.0    0.0
15875.0    406.3674060002018    0.000785877317308456    0.0    0.0
16125.0    409.7533946324458    0.0007375149927016789    0.0    0.0
16375.0    411.27510747207344    0.0007874982150452621    0.0    0.0
16625.0    412.57178525022886    0.0008214623977623971    0.0    0.0
16875.0    413.42887622393215    0.0008231603301502061    0.0    0.0
17125.0    415.1828982395144    0.0006755528181147395    0.0    0.0
17375.0    417.85793117369246    0.0005900597751882738    0.0    0.0
17625.0    421.8112220992068    0.0006906175208895156    0.0    0.0
17875.0    427.9708612377153    0.0009110271942340044    0.0    0.0
18125.0    436.8798085162122    0.0012883693460050713    0.0    0.0
18375.0    447.0230023576653    0.001591443335544198    0.0    0.0
18625.0    455.45836112062887    0.0013955908582822009    0.0    0.0
18875.0    460.6566894454456    0.0013789077540192012    0.0    0.0
19125.0    463.8635124234877    0.001194524589754209    0.0    0.0
19375.0    467.8331614371681    0.0013891798055877778    0.0    0.0
19625.0    474.2080287111551    0.001442157300617754    0.0    0.0
19875.0    481.81333412682244    0.0012696726320678036    0.0    0.0
20125.0    490.43297737007634    0.0011668695502584344    0.0    0.0
20375.0    499.6273968652215    0.0010987517390200492    0.0    0.0
20625.0    508.1861556984913    0.0012764177230035804    0.0    0.0
20875.0    514.5156139614542    0.0012774240897367988    0.0    0.0
21125.0    519.1706647275635    0.001139718975098667    0.0    0.0
21375.0    525.424042538506    0.001104517460485284    0.0    0.0
21625.0    533.42999853607    0.0011854212533160076    0.0    0.0
21875.0    542.4018300332525    0.001336171106978524    0.0    0.0
22125.0    550.984501648118    0.0014749448593683713    0.0    0.0
22375.0    559.2240865027401    0.001572235797198231    0.0    0.0
22625.0    567.3612973862074    0.0016696856237826032    0.0    0.0
22875.0    573.8017577009509    0.0016294301424309406    0.0    0.0
23125.0    581.7586328161067    0.001689827058640683    0.0    0.0
23375.0    588.6358949603941    0.0016595178944500755    0.0    0.0
23625.0    596.9006224342327    0.0017028269565826481    0.0    0.0
23875.0    603.0491389924272    0.0016158434480656502    0.0    0.0
24125.0    611.7333780503259    0.0016758931411809499    0.0    0.0
24375.0    619.998772518713    0.0017325201278507556    0.0    0.0
24625.0    629.1372404162291    0.0018442663596580746    0.0    0.0
24875.0    635.8561200515873    0.0018871426303634384    0.0    0.0
